// GENERATED by tools/build_feedforward.py -- do not hand-edit.
// Full coupling-aware feedforward: FF = Bd^-1 (see this script's
// docstring). u_ff = FF @ x_target -- the exact (given the fitted
// model) duty command to hit x_target in one control tick on this
// near-memoryless plant. Replaces the old per-channel-only
// u_ff_i = R_i*r/Kv_i, which ignored coupling entirely.
// BD is the fitted discrete input matrix itself (not inverted) --
// needed directly by DutyAllocator's constrained optimization.
#pragma once

const float FEEDFORWARD_CCW[NUM_CHANNELS][NUM_CHANNELS] = {
  {24.42866403f, 0.15101531f, -5.00402453f, 0.89570839f},
  {0.10470530f, 25.00547852f, -6.24521592f, 1.11164813f},
  {-0.00084440f, -0.20165708f, 48.43746142f, -0.00896490f},
  {-3.46027249f, -4.83582930f, -1.07877606f, 18.64716853f}
};

const float BD_CCW[NUM_CHANNELS][NUM_CHANNELS] = {
  {0.04066667f, -0.00058333f, 0.00408333f, -0.00191667f},
  {-0.00050000f, 0.03958333f, 0.00500000f, -0.00233333f},
  {-0.00000000f, 0.00016667f, 0.02066667f, -0.00000000f},
  {0.00741667f, 0.01016667f, 0.00325000f, 0.05266667f}
};
