// GENERATED by tools/build_feedforward.py -- do not hand-edit.
// Full coupling-aware feedforward: FF = Bd^-1 (see this script's
// docstring). u_ff = FF @ x_target -- the exact (given the fitted
// model) duty command to hit x_target in one control tick on this
// near-memoryless plant. Replaces the old per-channel-only
// u_ff_i = R_i*r/Kv_i, which ignored coupling entirely.
// BD is the fitted discrete input matrix itself (not inverted) --
// needed directly by DutyAllocator's constrained optimization.
#pragma once

const float FEEDFORWARD_CW[NUM_CHANNELS][NUM_CHANNELS] = {
  {23.80110773f, 0.11352667f, 0.92500222f, -6.60449231f},
  {-0.13084988f, 22.57469911f, 1.44188645f, -7.83245443f},
  {-3.86491386f, -4.67874740f, 17.71983278f, -1.61823412f},
  {-0.03172299f, -0.12259956f, 0.14232495f, 50.01552381f}
};

const float BD_CW[NUM_CHANNELS][NUM_CHANNELS] = {
  {0.04166667f, -0.00062963f, -0.00216667f, 0.00533333f},
  {-0.00033333f, 0.04359259f, -0.00358333f, 0.00666667f},
  {0.00900000f, 0.01137963f, 0.05500000f, 0.00475000f},
  {0.00000000f, 0.00007407f, -0.00016667f, 0.02000000f}
};
